184
284
-1
94
180
48
121
36
157
-1
66
151
194
142
235
282
120
-1
190
172
188
-1
129
221
-1
63
103
69
-1
44
153
91
165
-1
89
158
269
199
-1
230
61
165
271
81
199
-1
124
179
101
290
278
214
148
-1
170
273
-1
259
230
94
122
182
281
149
148
160
102
105
-1
136
187
100
248
49
185
51
261
-1
75
207
253
125
150
-1
80
166
80
-1
205
264
231
-1
143
164
290
174
172
-1
73
285
171
53
-1
145
142
208
167
41
233
245
282
122
-1
174
282
175
104
134
79
74
183
257
-1
212
238
93
259
233
273
282
-1
54
63
109
163
153
108
-1
222
193
84
197
126
79
59
-1
243
206
79
63
193
47
166
270
30
152
258
225
50
-1
177
347
133
144
285
44
160
193
236
109
124
-1
45
237
71
286
61
283
226
273
45
193
-1
223
214
192
94
99
45
49
227
-1
229
91
249
212
71
122
266
96
59
173
80
243
81
187
268
244
-1
247
93
195
128
238
-1
160
84
211
33
-1
79
286
245
-1
184
145
125
137
250
283
198
208
222
-1
64
137
153
151
71
-1
129
265
253
39
262
-1
92
154
301
172
260
224
37
249
108
-1
217
135
271
268
120
70
124
190
166
211
-1
223
55
113
232
56
257
145
284
244
112
-1
118
284
57
-1
148
52
233
284
67
139
38
44
239
-1
230
72
139
-1
146
241
230
304
77
41
-1
223
112
105
153
195
125
49
229
245
170
209
-1
61
236
154
95
89
78
280
273
224
69
51
162
182
-1
270
209
257
137
128
-1
62
328
251
-1
243
184
161
196
131
72
-1
101
185
156
-1
53
207
226
-1
93
233
48
47
44
139
136
84
166
113
229
265
112
176
-1
135
150
-1
245
125
183
108
205
192
122
97
128
160
147
-1
102
108
110
260
140
154
43
-1
213
131
238
75
-1
78
111
49
133
-1
76
185
42
274
171
87
41
-1
261
172
133
76
45
250
97
47
84
219
184
-1
134
157
177
66
-1
153
260
207
-1
207
170
145
-1
253
273
187
193
-1
47
200
84
91
263
107
198
188
-1
116
68
134
70
90
162
188
136
199
-1
69
111
47
274
107
96
-1
32
128
224
162
298
277
48
212
135
219
212
155
208
253
-1
229
65
297
92
217
137
236
-1
52
128
181
-1
182
289
297
54
90
-1
242
63
259
52
44
272
149
187
268
241
-1
93
9
152
13
238
55
84
246
240
158
138
226
202
249
133
110
-1
104
191
47
61
235
-1
39
121
246
231
49
301
196
142
-1
31
267
107
-1
27
220
223
273
270
168
282
186
133
-1
157
73
-1
150
191
66
-1
39
264
135
195
166
193
39
107
289
132
244
176
-1
179
98
180
139
247
278
222
122
-1
123
114
146
201
-1
93
228
123
294
81
255
95
47
239
170
-1
257
182
119
257
274
250
267
85
-1
137
152
35
54
165
183
-1
255
286
294
-1
224
125
92
60
217
-1
118
101
82
94
-1
260
27
-1
110
40
-1
168
110
148
160
-1
219
193
46
186
166
254
55
-1
114
189
293
122
47
289
39
279
-1
259
104
136
115
-1
265
285
67
149
214
250
46
-1
113
277
233
137
278
29
230
159
-1
203
200
139
231
217
230
240
56
76
201
39
-1
26
166
208
-1
245
52
88
98
106
152
214
181
91
45
61
-1
133
158
148
183
79
211
256
182
62
100
266
-1
248
280
107
234
129
138
52
363
158
222
53
291
175
-1
194
94
-1
305
241
188
85
66
226
263
105
200
169
16
-1
82
